H1
==

43
--
    1.2619

   -1.2169

   -1.3247

   -1.3760

32
--
    1.5850

   -1.5856

   -1.6183

   -1.5941
53
--
    1.4650

   -1.4503

   -1.5147

   -1.5039
83
--
    1.8928

   -1.8868

   -1.9025

   -1.8813

H0
==

43
--
    1.2619

   -1.2077

   -1.4233

   -1.4716

   -1.4902

   -1.4903

32
--
    1.5850

   -1.5799

   -1.6452

   -1.6491

   -1.6494

   -1.6494

53
--
    1.4650

   -1.4162

   -1.5451

   -1.5610

   -1.5639

   -1.5639

83
--
    1.8928

   -1.8811

   -1.9127

   -1.9135

   -1.9136

   -1.9136


