RN = [  
0.1485  0.6319  0.9620;  
0.6198  0.9852  0.7461;  
0.2606  0.5595  0.6625;  
0.4457  0.9336  0.5233;  
0.8440  0.7203  0.2599;  
0.1962  0.4840  0.9620;  
0.3039  0.6390  0.5402;  
0.4833  0.8876  0.0303;  
0.3378  0.1987  0.6963;  
0.7985  0.3954  0.5197;  
0.9875  0.9922  0.0590;  
0.1590  0.4024  0.8900;  
0.2369  0.6589  0.3302;  
0.7022  0.9013  0.2297;  
0.3755  0.9954  0.1139;  
0.9737  0.6532  0.3109;  
0.9723  0.1084  0.2284;  
0.6437  0.0361  0.6520;  
0.8601  0.6181  0.0662;  
0.4019  0.5671  0.2754;  
];  
