RN = [  
0.0596  0.1734  0.9516;  
0.6820  0.3909  0.9203;  
0.0424  0.8314  0.0527;  
0.0714  0.8034  0.7379;  
0.5216  0.0605  0.2691;  
0.0967  0.3993  0.4228;  
0.8181  0.5269  0.5479;  
0.8175  0.4168  0.9427;  
0.7224  0.6569  0.4177;  
0.1499  0.6280  0.9831;  
0.6596  0.2920  0.3015;  
0.5186  0.4317  0.7011;  
0.9730  0.0155  0.6663;  
0.6490  0.9841  0.5391;  
0.8003  0.1672  0.6981;  
0.4538  0.1062  0.6665;  
0.4324  0.3724  0.1781;  
0.8253  0.1981  0.1280;  
0.0835  0.4897  0.9991;  
0.1332  0.3395  0.1711;  
];  
