RN = [  
0.1781  0.7894  0.5975;  
0.3596  0.3677  0.3353;  
0.0567  0.2060  0.2992;  
0.5219  0.0867  0.4526;  
0.3358  0.7719  0.4226;  
0.1757  0.2057  0.3596;  
0.2089  0.3883  0.5583;  
0.9052  0.5518  0.7425;  
0.6754  0.2290  0.4243;  
0.4685  0.6419  0.4294;  
0.9121  0.4845  0.1249;  
0.1040  0.1518  0.0244;  
0.7455  0.7819  0.2902;  
0.7363  0.1006  0.3175;  
0.5619  0.2941  0.6537;  
0.1842  0.2374  0.9569;  
0.5972  0.5309  0.9357;  
0.2999  0.0915  0.4579;  
0.1341  0.4053  0.2405;  
0.2126  0.1048  0.7639;  
0.8949  0.1123  0.7593;  
0.0715  0.7844  0.7406;  
0.2425  0.2916  0.7437;  
0.0538  0.6035  0.1059;  
0.4417  0.9644  0.6816;  
0.0133  0.4325  0.4633;  
0.8972  0.6948  0.2122;  
0.1967  0.7581  0.0985;  
0.0934  0.4326  0.8236;  
0.3074  0.6555  0.1750;  
0.4561  0.1098  0.1636;  
0.1017  0.9338  0.6660;  
0.9954  0.1875  0.8944;  
0.3321  0.2662  0.5166;  
0.2973  0.7978  0.7027;  
0.0620  0.4876  0.1536;  
0.2982  0.7690  0.9535;  
0.0464  0.3960  0.5409;  
0.5054  0.2729  0.6797;  
0.7614  0.0372  0.0366;  
0.6311  0.6733  0.8092;  
0.0899  0.4296  0.7486;  
0.0809  0.4517  0.1202;  
0.7772  0.6099  0.5250;  
0.9051  0.0594  0.3258;  
0.5338  0.3158  0.5464;  
0.1092  0.7727  0.3989;  
0.8258  0.6964  0.4151;  
0.3381  0.1253  0.1807;  
0.2940  0.1302  0.2554;  
0.7463  0.0924  0.0205;  
0.0103  0.0078  0.9237;  
0.0484  0.4231  0.6537;  
0.6679  0.6556  0.9326;  
0.6035  0.7229  0.1635;  
0.5261  0.5312  0.9211;  
0.7297  0.1088  0.7947;  
0.7073  0.6318  0.5774;  
0.7814  0.1265  0.4400;  
0.2880  0.1343  0.2576;  
0.6925  0.0986  0.7519;  
0.5567  0.1420  0.2287;  
0.3965  0.1683  0.0642;  
0.0616  0.1962  0.7673;  
0.7802  0.3175  0.6712;  
0.3376  0.3164  0.7152;  
0.6079  0.2176  0.6421;  
0.7413  0.2510  0.4190;  
0.1048  0.8929  0.3908;  
0.1279  0.7032  0.8161;  
0.5495  0.5557  0.3174;  
0.4852  0.1844  0.8145;  
0.8905  0.2120  0.7891;  
0.7990  0.0773  0.8523;  
0.7343  0.9138  0.5056;  
0.0513  0.7067  0.6357;  
0.0729  0.5578  0.9509;  
0.0885  0.3134  0.4440;  
0.7984  0.1662  0.0600;  
0.9430  0.6225  0.8667;  
0.6837  0.9879  0.6312;  
0.1321  0.1704  0.3551;  
0.7227  0.2578  0.9970;  
0.1104  0.3968  0.2242;  
0.1175  0.0740  0.6525;  
0.6407  0.6841  0.6050;  
0.3288  0.4024  0.3872;  
0.6538  0.9828  0.1422;  
0.7491  0.4022  0.0251;  
0.5832  0.6207  0.4211;  
0.7400  0.1544  0.1841;  
0.2348  0.3813  0.7258;  
0.7350  0.1611  0.3704;  
0.9706  0.7581  0.8416;  
0.8669  0.8711  0.7342;  
0.0862  0.3508  0.5710;  
0.3664  0.6855  0.1769;  
0.3692  0.2941  0.9574;  
0.6850  0.5306  0.2653;  
0.5979  0.8324  0.9246;  
];  
